1
219
114255861 407317276
254881405 882272163
174603051 430868606
48505168 79079276
254881405 882272163
67763807 256182662
174603051 430868606
251637764 719517100
174603051 430868606
81060942 271339321
284339121 79079276
67763807 256182662
444115535 79079276
67763807 256182662
81060942 256182662
250801937 685449355
174603051 539570987
114255861 407317276
444115535 132827008
114255861 407317276
250801937 685449355
981508090 539570987
81060942 271339321
251637764 740639977
81060942 256182662
832422950 430868606
81060942 886403164
100082938 296143109
100082938 296143109
250801937 685449355
67763807 256182662
284339121 884956510
48505168 79079276
114255861 884956510
81060942 271339321
787484015 884956510
114255861 740639977
100082938 407317276
81060942 296143109
81060942 271339321
254881405 884956510
114255861 407317276
254881405 882272163
981508090 539570987
48505168 79079276
100082938 407317276
832422950 407317276
251637764 740639977
114255861 407317276
67763807 256182662
981508090 685449355
981508090 685449355
284339121 884956510
67763807 132827008
444115535 132827008
250801937 685449355
254881405 882272163
444115535 79079276
67763807 719517100
787484015 256182662
250801937 740639977
444115535 132827008
100082938 296143109
832422950 430868606
832422950 430868606
250801937 719517100
254881405 882272163
100082938 296143109
284339121 886403164
67763807 256182662
250801937 539570987
254881405 882272163
981508090 539570987
81060942 271339321
981508090 886403164
787484015 296143109
67763807 256182662
254881405 884956510
251637764 740639977
250801937 539570987
251637764 740639977
81060942 271339321
444115535 132827008
981508090 685449355
832422950 430868606
251637764 882272163
787484015 271339321
81060942 271339321
67763807 132827008
114255861 407317276
81060942 271339321
67763807 884956510
250801937 685449355
787484015 271339321
174603051 407317276
787484015 296143109
81060942 271339321
81060942 296143109
787484015 271339321
254881405 740639977
48505168 79079276
284339121 886403164
100082938 296143109
48505168 132827008
174603051 539570987
250801937 685449355
832422950 407317276
832422950 430868606
444115535 256182662
981508090 719517100
250801937 539570987
254881405 886403164
174603051 539570987
284339121 886403164
67763807 132827008
787484015 256182662
250801937 882272163
100082938 296143109
174603051 430868606
251637764 740639977
81060942 884956510
254881405 884956510
48505168 886403164
284339121 740639977
250801937 685449355
100082938 296143109
174603051 430868606
251637764 882272163
48505168 79079276
48505168 79079276
174603051 430868606
174603051 430868606
981508090 539570987
251637764 882272163
114255861 740639977
981508090 539570987
832422950 407317276
67763807 886403164
832422950 430868606
100082938 296143109
81060942 884956510
81060942 271339321
174603051 430868606
284339121 886403164
174603051 430868606
174603051 539570987
250801937 685449355
114255861 407317276
174603051 430868606
787484015 271339321
174603051 430868606
48505168 79079276
251637764 740639977
251637764 740639977
81060942 296143109
251637764 740639977
67763807 132827008
174603051 430868606
254881405 882272163
832422950 430868606
444115535 256182662
251637764 740639977
254881405 882272163
100082938 296143109
787484015 296143109
174603051 882272163
444115535 256182662
444115535 79079276
832422950 407317276
100082938 296143109
444115535 256182662
174603051 430868606
284339121 79079276
250801937 539570987
284339121 886403164
81060942 296143109
787484015 296143109
832422950 430868606
174603051 539570987
284339121 886403164
832422950 407317276
250801937 719517100
444115535 882272163
444115535 132827008
832422950 882272163
251637764 719517100
100082938 296143109
787484015 882272163
250801937 685449355
981508090 685449355
48505168 79079276
81060942 271339321
444115535 79079276
81060942 271339321
48505168 132827008
67763807 882272163
787484015 296143109
254881405 882272163
251637764 719517100
48505168 79079276
67763807 256182662
174603051 430868606
284339121 884956510
254881405 740639977
444115535 132827008
254881405 882272163
832422950 430868606
284339121 882272163
100082938 296143109
251637764 719517100
250801937 886403164
254881405 882272163
250801937 685449355
787484015 271339321
444115535 132827008
251637764 740639977
48505168 79079276
254881405 882272163
174603051 430868606
233
250801890
254881389
254881314
250801880
787483976
832422896
250801848
832422874
787483983
787484012
444115442
100082920
444115525
114255835
100082936
174603009
284339056
254881351
174603035
81060909
981508022
832422919
254881374
48505120
1
81060895
174602975
251637699
114255762
250801877
787483922
832422909
48505145
832422938
81060850
67763765
981507993
254881376
100082914
251637759
100082906
48505168
174603036
444115528
48505148
1
444115527
250801927
250801886
67763735
48505147
254881327
67763789
67763747
1
48505124
251637668
174602993
444115448
174602954
67763803
81060917
100082891
48505107
284339121
81060934
81060844
48505086
251637715
81060926
48505139
81060845
114255794
832422901
832422884
444115512
114255768
114255859
67763713
787483977
284339096
250801845
444115505
174603037
981508039
787483997
250801876
67763758
250801863
251637685
787484000
81060896
81060897
251637704
254881389
81060893
100082925
81060888
284339040
174602990
81060928
444115499
67763741
284339063
81060901
444115480
81060926
444115496
254881321
48505144
981508023
981508067
174603019
251637688
67763788
284339040
81060860
174603029
100082926
981508036
81060895
981508001
67763780
174603024
251637700
444115463
1
251637735
832422923
444115472
254881360
254881346
981508037
174603049
284339120
1
787483919
1
832422871
1
787484011
1
1
251637743
254881343
254881365
832422929
251637694
100082914
832422935
114255800
114255819
251637728
444115500
174602986
787483970
444115508
48505093
251637742
174603017
250801924
81060862
67763777
250801853
174603014
250801884
832422945
787483965
284339092
1
67763793
787483968
67763802
81060850
284339076
250801937
67763770
981508075
67763722
1
48505114
251637730
787483981
981508048
832422858
81060855
67763732
254881402
81060894
787483994
832422894
114255858
100082899
444115513
254881325
100082869
174602985
254881343
1
284339043
48505136
1
250801931
250801853
100082850
284339067
174602982
174603039
250801913
444115505
250801935
114255856
251637714
250801845
174603047
832422937
251637736
284339082
981508077
284339033
1
174602992
254881384
254881333
250801858
254881311
174603012
174603034
114255855
251637721
100082844
100082848
100082916
